Days
27
16
5
16
8
22
16
