Days
4
3
2
0
